Reacoes de apoio [N]
[224.99999999999983, 225.00000000000028]

Deslocamentos [m]
[-6.98141773e-04  0.00000000e+00 -3.48857383e-04  9.42711844e-19
 -1.26585499e-04 -2.71491410e-03  8.06884236e-05 -2.68080325e-03
  3.15308746e-04  5.07606801e-18  6.83997824e-04  0.00000000e+00
  2.54543119e-04 -2.10148246e-03  1.78352017e-04 -2.71027435e-03
 -9.80132130e-05 -2.67357235e-03 -2.41292261e-04 -2.22262339e-03]

Deformacoes []
[0.0031753126337311617, 0.003175312632937344, 0.003454565370458746, 0.0033517188886468953, 0.0033517188886468875, -0.003877845574462212, -0.004016713314944528, -0.0034545653695950813, -0.004072215639198012, -0.004023567509198732, 0.00036435447568240937, -0.0002100201200625604, -8.222931923832496e-05, 0.0001373926133584069]

Forcas internas [N]
[320.95478103751634, 320.9547810375174, 349.1811360026309, 338.78560220626866, 338.78560220626787, -391.96552331913034, -406.0020200091371, -349.18113600262853, -411.61209321955937, -406.694829401928, 36.82828261007499, -21.228448809306823, -8.311588878032037, 13.887393543947242]

Tensoes internas [Pa]
[12701250.534924647, 12701250.53492469, 13818261.488744114, 13406875.564642739, 13406875.564642707, -15511382.309482384, -16066853.271828251, -13818261.48874402, -16288862.569008695, -16094270.048865631, 1457417.903822701, -840080.4808803019, -328917.2771999878, 549570.4538458055]